07144371
09794249
11489655
15801616
09831215
17701673
08295693
17622770
09944000
13366489
18747899
19368604
13224910
19709567
17191909
13117825
11145802
05578166
04739462
09030230
19761808
18886671
19448042
04376778
19819119
11845708
21220967
17862574
17401761
17877861
05089412
07432495
11859469
04051207
20052619
05650858
12991964
16446429
10589133
09093717
24507931
10826089
18853580
14472823
15367360
17813908
19131770
06707244
18566786
16716219
14562789
25869256
17527912
17986530
12560538
14473623
03504362
15807209
26058156
14218002
06261556
11935400
18039917