02346112	
03667383	
04046074	
04523411	
04671228	
04739462	
04748737	
05023189	
06388755	
06449128	
06817837	
07456486	
07482086	
08295693	
08456105	
08901282	
08980062	
09831215	
09879487	
10022374	
10448066	
10514412	
11039492	
11489655	
11576626	
11755352	
12049714	
13074620	
13364054	
13626189	
14435747	
14472823	
14473623	
14562789	
14711352	
14943435	
15485071	
15731243	
15734601	
15963028	
16219453	
16226045	
16670291	
16670358	
16993370	
17040478	
17139569	
17228545	
17252461	
17622648	
17813908	
17924150	
17981184	
17987124	
18241620	
18332940	
18482752	
18566786	
18713941	
18747899	
18821165	
18853580	
18886671	
18926261	
19424480	
19598044	
19632868	
19761808	
19819119	
20052619	
20185120	
20412151	
20641528	
20769212	
20777801	
21304837	
21846464	
22551915